Classification Report

              precision    recall  f1-score   support

           0       0.62      0.35      0.45      1000
           1       0.58      0.24      0.34      1000
           2       0.23      0.39      0.29      1000
           3       0.22      0.30      0.25      1000
           4       0.36      0.35      0.35      1000
           5       0.28      0.29      0.28      1000
           6       0.45      0.31      0.37      1000
           7       0.43      0.46      0.45      1000
           8       0.46      0.69      0.55      1000
           9       0.48      0.35      0.41      1000

    accuracy                           0.37     10000
   macro avg       0.41      0.37      0.37     10000
weighted avg       0.41      0.37      0.37     10000


Confusion Matrix

[[352  10 124  39  52  21  12  60 299  31]
 [ 14 240  46 141   9  36  78  25 175 236]
 [ 41   1 387 119 158 103  43  84  52  12]
 [  8   5 233 300  88 182  67  78  27  12]
 [ 22   3 249 100 348  90  39 127  19   3]
 [  5   4 218 240  89 289  45  94  12   4]
 [  3   6 154 134 147 130 308  81  20  17]
 [ 27   3 114 145  65 129  28 463  15  11]
 [ 66  24  63  55  10   9  22  16 685  50]
 [ 33 115  76 104   4  43  38  46 187 354]]
